$GPCHC,
GPSWeek = 2066,
GPSTime = 272455.70,
heading = 181.26,
pitch = -0.09,
roll = 0.70,
gyroX = -0.05,
gyroY = 0.05,
gyroZ = 0.01,
accX = -0.0121,
accY = -0.0012,
accZ = 1.0015,
latitude = 40.12198055,
longitude = 116.45963268,
attitude = 20.71,
Ve = -0.004,
Vn = 0.007,
Vu = 0.002,
V = 0.008,
NVS1 = 45,
NVS2 = 37,
status = 42,
age = 2,
crc = 2*7F
